10.600000 930.000000
10.650000 966.000000
10.700000 962.000000
10.750000 958.000000
10.800000 940.000000
10.850000 935.000000
10.900000 1021.000000
10.950000 956.000000
11.000000 950.000000
11.050000 960.000000
11.100000 911.000000
11.150000 981.000000
11.200000 952.000000
11.250000 911.000000
11.300000 974.000000
11.350000 958.000000
11.400000 933.000000
11.450000 986.000000
11.500000 968.000000
11.550000 989.000000
11.600000 972.000000
11.650000 949.000000
11.700000 1002.000000
11.750000 940.000000
11.800000 1017.000000
11.850000 964.000000
11.900000 964.000000
11.950000 1038.000000
12.000000 991.000000
12.050000 989.000000
12.100000 968.000000
12.150000 1023.000000
12.200000 951.000000
12.250000 995.000000
12.300000 990.000000
12.350000 997.000000
12.400000 999.000000
12.450000 994.000000
12.500000 999.000000
12.550000 1024.000000
12.600000 1022.000000